components:
  coco: 0.3475551428664819
  gqa: 0.05371768756787198
  ocr_vqa: 0.050480506126949605
  text: 0.05497499340906014
  textvqa: 0.0747521535594809
  vg: 0.41851951647015545
name: mix_23_strict
type: strict
