components:
  coco: 0.05005000834025541
  gqa: 0.5864766132277763
  ocr_vqa: 0.15791860333634822
  text: 0.09425081455488193
  textvqa: 0.06110527296065374
  vg: 0.05019868758008437
name: mix_89_strict
type: strict
