components:
  coco: 0.0913660740232756
  gqa: 0.051971011457517285
  ocr_vqa: 0.4308133142864741
  text: 0.21696687254346397
  textvqa: 0.15237075970209157
  vg: 0.05651196798717745
name: mix_123_strict
type: strict
