components:
  coco: 0.08322208064388037
  gqa: 0.05359403557356845
  ocr_vqa: 0.05097937433220321
  text: 0.07147617929081909
  textvqa: 0.07056008987112031
  vg: 0.6701682402884086
name: mix_75_best-effort
type: best-effort
