components:
  coco: 0.20966655147073576
  gqa: 0.24480994931912353
  ocr_vqa: 0.08682675205847923
  text: 0.23312771900909823
  textvqa: 0.08109202465143144
  vg: 0.14447700349113174
name: mix_53_strict
type: strict
