components:
  coco: 0.06793550465972001
  gqa: 0.14588491310545287
  ocr_vqa: 0.5854227873911512
  text: 0.07114567815931602
  textvqa: 0.05838191171313317
  vg: 0.07122920497122677
name: mix_24_best-effort
type: best-effort
