components:
  coco: 0.061632860576427015
  gqa: 0.6161806486340559
  ocr_vqa: 0.05744446284746889
  text: 0.08853033032538635
  textvqa: 0.0876092612144953
  vg: 0.08860243640216656
name: mix_16_strict
type: strict
