components:
  coco: 0.05912407105937759
  gqa: 0.05095751579258459
  ocr_vqa: 0.13821799398043605
  text: 0.07757674321554947
  textvqa: 0.05070484172452411
  vg: 0.6234188342275282
name: mix_39_strict
type: strict
