components:
  coco: 0.05088595770941274
  gqa: 0.4188290821754071
  ocr_vqa: 0.25746487930451345
  text: 0.05084592424791989
  textvqa: 0.09768133660305786
  vg: 0.12429281995968902
name: mix_17_strict
type: strict
