components:
  coco: 0.05531241876754223
  gqa: 0.6246329311372043
  ocr_vqa: 0.055119672600228445
  text: 0.07968410639404845
  textvqa: 0.12927302842149746
  vg: 0.05597784267947911
name: mix_112_strict
type: strict
