components:
  coco: 0.06273292565445418
  gqa: 0.5718270050418359
  ocr_vqa: 0.06931130623627615
  text: 0.15222532381878395
  textvqa: 0.0829537817162877
  vg: 0.06094965753236208
name: mix_109_strict
type: strict
