components:
  coco: 0.19998716916504167
  gqa: 0.060241268508142126
  ocr_vqa: 0.1415931146986834
  text: 0.05345666627936482
  textvqa: 0.4117745870568169
  vg: 0.13294719429195107
name: mix_41_strict
type: strict
