components:
  coco: 0.4297698689205474
  gqa: 0.05024470960839905
  ocr_vqa: 0.3444871234763573
  text: 0.07230864730014769
  textvqa: 0.05084139817032837
  vg: 0.052348252524220124
name: mix_56_strict
type: strict
