components:
  coco: 0.07267344502675027
  gqa: 0.5501609786848133
  ocr_vqa: 0.051085919422570444
  text: 0.11247401293956827
  textvqa: 0.07751214776947385
  vg: 0.13609349615682387
name: mix_80_strict
type: strict
