components:
  coco: 0.07972759620503192
  gqa: 0.45875349771649826
  ocr_vqa: 0.05578803048494266
  text: 0.2775392779751401
  textvqa: 0.0610715455207578
  vg: 0.06712005209762925
name: mix_110_best-effort
type: best-effort
