components:
  coco: 0.5669040613717564
  gqa: 0.10963186681544136
  ocr_vqa: 0.07544146193195095
  text: 0.056888868321411046
  textvqa: 0.08247392290378773
  vg: 0.10865981865565251
name: mix_67_strict
type: strict
