components:
  coco: 0.19595886767665022
  gqa: 0.10373255350833716
  ocr_vqa: 0.30941138772333315
  text: 0.2199906205512258
  textvqa: 0.07536904362586377
  vg: 0.09553752691458994
name: mix_5_strict
type: strict
