components:
  coco: 0.07517626404650438
  gqa: 0.06429099914568252
  ocr_vqa: 0.08434534131810889
  text: 0.06413134476435453
  textvqa: 0.48501261643702104
  vg: 0.22704343428832868
name: mix_9_strict
type: strict
