components:
  coco: 0.05479230614541729
  gqa: 0.052351318473147765
  ocr_vqa: 0.08429951571765146
  text: 0.10732261294449477
  textvqa: 0.06927465088389291
  vg: 0.6319595958353958
name: mix_26_best-effort
type: best-effort
