components:
  coco: 0.06106664878373763
  gqa: 0.1256007435109893
  ocr_vqa: 0.3109094670750554
  text: 0.3950065181395233
  textvqa: 0.05286459802615523
  vg: 0.05455202446453916
name: mix_8_best-effort
type: best-effort
