components:
  coco: 0.14215181018382478
  gqa: 0.08736635583823607
  ocr_vqa: 0.0544991518726157
  text: 0.11844543182665083
  textvqa: 0.09243108694710309
  vg: 0.5051061633315695
name: mix_20_strict
type: strict
