components:
  coco: 0.05619379288310122
  gqa: 0.07916412439933222
  ocr_vqa: 0.09203747207910237
  text: 0.16982342398004663
  textvqa: 0.06531204809530126
  vg: 0.5374691385631163
name: mix_48_strict
type: strict
