components:
  coco: 0.0686220822452068
  gqa: 0.6409512699600459
  ocr_vqa: 0.05430311155843549
  text: 0.08650864042123524
  textvqa: 0.05155778967485121
  vg: 0.09805710614022531
name: mix_104_best-effort
type: best-effort
