components:
  coco: 0.1764161551952224
  gqa: 0.15825466852289027
  ocr_vqa: 0.10548666726346645
  text: 0.0673870144332547
  textvqa: 0.26849459602337117
  vg: 0.22396089856179507
name: mix_60_strict
type: strict
