components:
  coco: 0.4661592516025476
  gqa: 0.17766861773438436
  ocr_vqa: 0.05129002177903763
  text: 0.09954300409304681
  textvqa: 0.15426667533674687
  vg: 0.05107242945423665
name: mix_44_best-effort
type: best-effort
