components:
  coco: 0.08327930110783772
  gqa: 0.050070875373347305
  ocr_vqa: 0.054976949284101205
  text: 0.05007288102594177
  textvqa: 0.05114240851742311
  vg: 0.7104575846913489
name: mix_18_strict
type: strict
