components:
  coco: 0.28336286832136376
  gqa: 0.11956435993436426
  ocr_vqa: 0.22418137831851448
  text: 0.061407555865936936
  textvqa: 0.155115221214226
  vg: 0.15636861634559468
name: mix_128_best-effort
type: best-effort
