components:
  coco: 0.05000155303422813
  gqa: 0.05003466662762539
  ocr_vqa: 0.6969008343581865
  text: 0.05006061157724732
  textvqa: 0.050004574599325995
  vg: 0.10299775980338666
name: mix_82_best-effort
type: best-effort
