components:
  coco: 0.6917804850979485
  gqa: 0.05177202748969313
  ocr_vqa: 0.07029909582820071
  text: 0.053540982084760824
  textvqa: 0.08092089940667921
  vg: 0.05168651009271759
name: mix_27_best-effort
type: best-effort
