components:
  coco: 0.5168142036667495
  gqa: 0.053995279455491464
  ocr_vqa: 0.06892866018116464
  text: 0.0560359368243962
  textvqa: 0.059577004690443414
  vg: 0.2446489151817548
name: mix_36_strict
type: strict
