components:
  coco: 0.7377834415145003
  gqa: 0.050413966430820904
  ocr_vqa: 0.050440396019589856
  text: 0.05283128037184084
  textvqa: 0.05828764251691482
  vg: 0.05024327314633332
name: mix_108_strict
type: strict
