components:
  coco: 0.05026767774476072
  gqa: 0.05880841451626455
  ocr_vqa: 0.739612996695149
  text: 0.050472492796516596
  textvqa: 0.05052180659053596
  vg: 0.050316611656773126
name: mix_102_best-effort
type: best-effort
