components:
  coco: 0.07114967972123917
  gqa: 0.09517422819850835
  ocr_vqa: 0.10102824027949207
  text: 0.05392842279316176
  textvqa: 0.19328032664347716
  vg: 0.48543910236412147
name: mix_35_strict
type: strict
