components:
  coco: 0.0530442297547781
  gqa: 0.055838516102115154
  ocr_vqa: 0.5617315197467413
  text: 0.052672204472480916
  textvqa: 0.22434444439391588
  vg: 0.05236908552996865
name: mix_114_strict
type: strict
