components:
  coco: 0.1502306816073162
  gqa: 0.06440879950668135
  ocr_vqa: 0.38360187257997236
  text: 0.05006962535250568
  textvqa: 0.05173928771795285
  vg: 0.29994973323557156
name: mix_98_best-effort
type: best-effort
