components:
  coco: 0.20492719723693925
  gqa: 0.05092518647230052
  ocr_vqa: 0.06013393574176457
  text: 0.5838729298746629
  textvqa: 0.050062320315518286
  vg: 0.0500784303588145
name: mix_58_best-effort
type: best-effort
