components:
  coco: 0.07425365547962194
  gqa: 0.07660609727628037
  ocr_vqa: 0.13363494820968325
  text: 0.06674222694087532
  textvqa: 0.5962386621397168
  vg: 0.052524409953822356
name: mix_97_strict
type: strict
