components:
  coco: 0.41063643261408245
  gqa: 0.05139757167481598
  ocr_vqa: 0.05168087176718011
  text: 0.05371033042313209
  textvqa: 0.38037306784118285
  vg: 0.05220172567960651
name: mix_126_best-effort
type: best-effort
