components:
  coco: 0.5100445149531787
  gqa: 0.21237575382171753
  ocr_vqa: 0.10017757125505292
  text: 0.06333968139988591
  textvqa: 0.06109494850338383
  vg: 0.0529675300667811
name: mix_111_strict
type: strict
