components:
  coco: 0.35886595557057577
  gqa: 0.05384441112246664
  ocr_vqa: 0.08567371570389141
  text: 0.06775843501280088
  textvqa: 0.38014131411318774
  vg: 0.05371616847707755
name: mix_2_best-effort
type: best-effort
