components:
  coco: 0.0520834413885069
  gqa: 0.1350531288995122
  ocr_vqa: 0.08747154291288022
  text: 0.07687977906520617
  textvqa: 0.5963015338310421
  vg: 0.0522105739028524
name: mix_38_best-effort
type: best-effort
