components:
  coco: 0.5965820446956208
  gqa: 0.12576986955892028
  ocr_vqa: 0.050573444291999656
  text: 0.07295764481511796
  textvqa: 0.10371545212070266
  vg: 0.05040154451763863
name: mix_113_best-effort
type: best-effort
