components:
  coco: 0.23369916810568636
  gqa: 0.05962093661963545
  ocr_vqa: 0.053908814020073206
  text: 0.08094227538654841
  textvqa: 0.3954647186247971
  vg: 0.17636408724325953
name: mix_68_strict
type: strict
