components:
  coco: 0.05358573727344076
  gqa: 0.27567536539166054
  ocr_vqa: 0.056853612822756666
  text: 0.15258962895815936
  textvqa: 0.2420119218350109
  vg: 0.2192837337189718
name: mix_52_best-effort
type: best-effort
