components:
  coco: 0.1419606164656051
  gqa: 0.35942448227555307
  ocr_vqa: 0.07443134313083444
  text: 0.11557318512256416
  textvqa: 0.10160387916022472
  vg: 0.20700649384521846
name: mix_91_best-effort
type: best-effort
