components:
  coco: 0.0870353847252413
  gqa: 0.0543794367653435
  ocr_vqa: 0.05559572337837218
  text: 0.05138522987914128
  textvqa: 0.6355645537780155
  vg: 0.11603967147388627
name: mix_124_strict
type: strict
