components:
  coco: 0.05726937572333723
  gqa: 0.38884431382247014
  ocr_vqa: 0.1015671925203984
  text: 0.08344615037840353
  textvqa: 0.1408264186827198
  vg: 0.22804654887267084
name: mix_86_best-effort
type: best-effort
