components:
  coco: 0.07094206617164805
  gqa: 0.24816749458123105
  ocr_vqa: 0.25069198613192645
  text: 0.06785275028568305
  textvqa: 0.29794001805958964
  vg: 0.06440568476992181
name: mix_47_best-effort
type: best-effort
