components:
  coco: 0.16940128577260496
  gqa: 0.564488837797338
  ocr_vqa: 0.07434158065003466
  text: 0.058610556094454765
  textvqa: 0.06041389565276472
  vg: 0.07274384403280286
name: mix_76_strict
type: strict
