components:
  coco: 0.1326084626010166
  gqa: 0.12104777742557325
  ocr_vqa: 0.12939736923536505
  text: 0.29479680919229145
  textvqa: 0.14259492150334352
  vg: 0.17955466004241005
name: mix_120_best-effort
type: best-effort
