components:
  coco: 0.06081683940015796
  gqa: 0.06273811034241573
  ocr_vqa: 0.09880067101480262
  text: 0.09406265394724056
  textvqa: 0.06913343464453764
  vg: 0.6144482906508455
name: mix_69_best-effort
type: best-effort
