components:
  coco: 0.05032940608353525
  gqa: 0.10275306954859675
  ocr_vqa: 0.0652329483281277
  text: 0.30415003776592425
  textvqa: 0.051219152743499925
  vg: 0.42631538553031617
name: mix_30_best-effort
type: best-effort
