components:
  coco: 0.3131410764529589
  gqa: 0.06230759708267168
  ocr_vqa: 0.33884309631598764
  text: 0.0712513073724196
  textvqa: 0.15453693877587782
  vg: 0.0599199840000843
name: mix_61_best-effort
type: best-effort
