components:
  coco: 0.3432840701449584
  gqa: 0.08218299252703071
  ocr_vqa: 0.315862667498391
  text: 0.0762154700825123
  textvqa: 0.10255873890342974
  vg: 0.0798960608436779
name: mix_85_strict
type: strict
