components:
  coco: 0.050352966909121194
  gqa: 0.30329098762625994
  ocr_vqa: 0.05033311105150483
  text: 0.2807504515367385
  textvqa: 0.23709150963915432
  vg: 0.07818097323722122
name: mix_50_best-effort
type: best-effort
