components:
  coco: 0.40197527660226545
  gqa: 0.10391298074216866
  ocr_vqa: 0.05639658123503602
  text: 0.08953424717203276
  textvqa: 0.2951214239704609
  vg: 0.05305949027803618
name: mix_101_strict
type: strict
