components:
  coco: 0.09060800270482565
  gqa: 0.10956596410315488
  ocr_vqa: 0.06384534706419787
  text: 0.13648921669954553
  textvqa: 0.1106974484505935
  vg: 0.48879402097768254
name: mix_81_best-effort
type: best-effort
