components:
  coco: 0.2147996305381923
  gqa: 0.08737135425440651
  ocr_vqa: 0.38200031431346543
  text: 0.12593238292614461
  textvqa: 0.13703784247015022
  vg: 0.052858475497641
name: mix_70_best-effort
type: best-effort
