components:
  coco: 0.0657906346508106
  gqa: 0.05032300382808782
  ocr_vqa: 0.05160098970141042
  text: 0.050125079883561165
  textvqa: 0.05047693762727979
  vg: 0.7316833543088502
name: mix_55_best-effort
type: best-effort
