components:
  coco: 0.056687656479688375
  gqa: 0.45291829045290144
  ocr_vqa: 0.05142051672095192
  text: 0.05202361574223978
  textvqa: 0.33640579223218237
  vg: 0.05054412837203612
name: mix_46_best-effort
type: best-effort
