components:
  coco: 0.0547509285872973
  gqa: 0.06534283024707321
  ocr_vqa: 0.5075318107540788
  text: 0.05035062646875328
  textvqa: 0.27194490763874385
  vg: 0.05007889630405353
name: mix_40_strict
type: strict
