components:
  coco: 0.0510755985827428
  gqa: 0.3535252879698215
  ocr_vqa: 0.05727977466333439
  text: 0.0811277032739684
  textvqa: 0.09344316005521788
  vg: 0.3635484754549149
name: mix_72_best-effort
type: best-effort
