components:
  coco: 0.05165780999209472
  gqa: 0.10690300506981448
  ocr_vqa: 0.05295929065557716
  text: 0.1970784209504891
  textvqa: 0.18070997591872212
  vg: 0.41069149741330246
name: mix_83_strict
type: strict
