components:
  coco: 0.05464347387593947
  gqa: 0.05177449142118724
  ocr_vqa: 0.05589369613984916
  text: 0.22025839359154226
  textvqa: 0.05008955049632804
  vg: 0.5673403944751538
name: mix_29_strict
type: strict
