components:
  coco: 0.14502773561470172
  gqa: 0.4862556291116051
  ocr_vqa: 0.05937903217798184
  text: 0.08283594785296788
  textvqa: 0.1752179958123392
  vg: 0.0512836594304042
name: mix_73_best-effort
type: best-effort
