components:
  coco: 0.05362092402138349
  gqa: 0.09419191580773276
  ocr_vqa: 0.06832709561956735
  text: 0.07313604723125382
  textvqa: 0.6216940606235039
  vg: 0.08902995669655872
name: mix_117_best-effort
type: best-effort
