components:
  coco: 0.1580193723634849
  gqa: 0.05805178697914269
  ocr_vqa: 0.13895306338466978
  text: 0.17834362712403667
  textvqa: 0.08134950707369988
  vg: 0.38528264307496607
name: mix_94_best-effort
type: best-effort
