components:
  coco: 0.05153296870427212
  gqa: 0.5670954115026661
  ocr_vqa: 0.05325408947894427
  text: 0.062162068344373364
  textvqa: 0.08013910030922379
  vg: 0.1858163616605204
name: mix_66_strict
type: strict
