components:
  coco: 0.08091091938227535
  gqa: 0.34677166025134976
  ocr_vqa: 0.051013997647442355
  text: 0.056470802218769656
  textvqa: 0.2059576369987603
  vg: 0.25887498350140264
name: mix_25_strict
type: strict
