components:
  coco: 0.05265629180011308
  gqa: 0.1092789232085013
  ocr_vqa: 0.05537843933301749
  text: 0.23641276042745457
  textvqa: 0.10430544024723923
  vg: 0.44196814498367437
name: mix_121_strict
type: strict
