components:
  coco: 0.1275084930422648
  gqa: 0.2423766393634157
  ocr_vqa: 0.07212499886635611
  text: 0.05489971377370664
  textvqa: 0.0655861424652726
  vg: 0.43750401248898413
name: mix_127_strict
type: strict
