components:
  coco: 0.10143395436570979
  gqa: 0.250957989991593
  ocr_vqa: 0.08366061456429193
  text: 0.45205627692940265
  textvqa: 0.053869601884564536
  vg: 0.05802156226443808
name: mix_59_best-effort
type: best-effort
