components:
  coco: 0.059850075726452776
  gqa: 0.06950563396352039
  ocr_vqa: 0.07275018491852453
  text: 0.562878351097681
  textvqa: 0.075646106722722
  vg: 0.1593696475710993
name: mix_1_best-effort
type: best-effort
