components:
  coco: 0.05110747222877081
  gqa: 0.054390659523884985
  ocr_vqa: 0.052298991299590494
  text: 0.05036350275617307
  textvqa: 0.12047066597498476
  vg: 0.6713687082165959
name: mix_87_best-effort
type: best-effort
