components:
  coco: 0.14301080837281976
  gqa: 0.13306116454657568
  ocr_vqa: 0.4508047009840911
  text: 0.057931740395837136
  textvqa: 0.08618150023112407
  vg: 0.12901008546955228
name: mix_3_strict
type: strict
