components:
  coco: 0.15591474619207174
  gqa: 0.12166825161768673
  ocr_vqa: 0.13184505113760095
  text: 0.21074373107053224
  textvqa: 0.3285060051416124
  vg: 0.05132221484049591
name: mix_71_best-effort
type: best-effort
