components:
  coco: 0.5634208152655469
  gqa: 0.21049706365649834
  ocr_vqa: 0.050718621756556316
  text: 0.05122649326534854
  textvqa: 0.0502140920007233
  vg: 0.07392291405532662
name: mix_19_strict
type: strict
