components:
  coco: 0.054637116362251756
  gqa: 0.3101330935247108
  ocr_vqa: 0.06244149816828555
  text: 0.23033610339977456
  textvqa: 0.12539574851460145
  vg: 0.21705644003037583
name: mix_64_strict
type: strict
