components:
  coco: 0.05640178880610159
  gqa: 0.07929981116284925
  ocr_vqa: 0.05097021924425458
  text: 0.08511781240601476
  textvqa: 0.21208331473333242
  vg: 0.5161270536474474
name: mix_45_strict
type: strict
