components:
  coco: 0.11355012698156743
  gqa: 0.08142690253314996
  ocr_vqa: 0.054855337150823816
  text: 0.6260794839490096
  textvqa: 0.051234956710797364
  vg: 0.07285319267465183
name: mix_63_best-effort
type: best-effort
