components:
  coco: 0.0820427852948128
  gqa: 0.08218509076253333
  ocr_vqa: 0.06145085036719996
  text: 0.4516859925830621
  textvqa: 0.2638738742339205
  vg: 0.058761406758471316
name: mix_119_best-effort
type: best-effort
