components:
  coco: 0.6539438351842598
  gqa: 0.05756574624039911
  ocr_vqa: 0.051268736367237396
  text: 0.05255238697944473
  textvqa: 0.11275072447518474
  vg: 0.07191857075347421
name: mix_12_best-effort
type: best-effort
