components:
  coco: 0.595748511437968
  gqa: 0.05079975960264613
  ocr_vqa: 0.05459825350035116
  text: 0.0927554387027927
  textvqa: 0.14509240081601393
  vg: 0.06100563594022805
name: mix_33_best-effort
type: best-effort
