components:
  coco: 0.05007943248583942
  gqa: 0.19079545503041379
  ocr_vqa: 0.139895748671987
  text: 0.051121571725836895
  textvqa: 0.06408338182770325
  vg: 0.5040244102582196
name: mix_95_strict
type: strict
