components:
  coco: 0.6307754908078955
  gqa: 0.14261134252512947
  ocr_vqa: 0.07162281705188416
  text: 0.050021598785449546
  textvqa: 0.0508237751490874
  vg: 0.05414497568055396
name: mix_21_best-effort
type: best-effort
