components:
  coco: 0.5966545618458166
  gqa: 0.06239088831197802
  ocr_vqa: 0.09704006892380812
  text: 0.1320899762901028
  textvqa: 0.05746305490076857
  vg: 0.05436144972752594
name: mix_28_strict
type: strict
