components:
  coco: 0.26912910772656073
  gqa: 0.2766268498760643
  ocr_vqa: 0.05709272742995541
  text: 0.2828523457357234
  textvqa: 0.050094572607065374
  vg: 0.06420439662463079
name: mix_77_best-effort
type: best-effort
