components:
  coco: 0.0973901775520651
  gqa: 0.128179404068402
  ocr_vqa: 0.0990090957121866
  text: 0.49944204879732695
  textvqa: 0.11105638490656108
  vg: 0.06492288896345821
name: mix_122_strict
type: strict
