components:
  coco: 0.056434424091923195
  gqa: 0.05137549773424667
  ocr_vqa: 0.7284293383740795
  text: 0.058293687700605376
  textvqa: 0.05494305166616263
  vg: 0.05052400043298258
name: mix_65_best-effort
type: best-effort
