components:
  coco: 0.053635658653395736
  gqa: 0.31106021715787474
  ocr_vqa: 0.09001907053112329
  text: 0.3374403541108914
  textvqa: 0.14763870317122502
  vg: 0.06020599637548992
name: mix_51_strict
type: strict
