components:
  coco: 0.11470227989108543
  gqa: 0.050970638055432574
  ocr_vqa: 0.0511363303140665
  text: 0.6347847339350825
  textvqa: 0.08942618887249909
  vg: 0.058979828931833886
name: mix_116_strict
type: strict
