components:
  coco: 0.060017787037503996
  gqa: 0.13058965891516588
  ocr_vqa: 0.051336770449494876
  text: 0.5193860026047207
  textvqa: 0.15902884692448602
  vg: 0.07964093406862859
name: mix_100_best-effort
type: best-effort
