components:
  coco: 0.21647808119651146
  gqa: 0.1098460661102105
  ocr_vqa: 0.25360938030338187
  text: 0.08849165294602652
  textvqa: 0.2641341733944006
  vg: 0.06744064604946905
name: mix_103_strict
type: strict
