components:
  coco: 0.059632905649337896
  gqa: 0.6530061136927465
  ocr_vqa: 0.13331551588863155
  text: 0.05001325009193274
  textvqa: 0.05005187706765888
  vg: 0.05398033760969239
name: mix_93_strict
type: strict
