components:
  coco: 0.08505272472321854
  gqa: 0.051082007819594454
  ocr_vqa: 0.05767569868747308
  text: 0.4968648884494134
  textvqa: 0.05033201223404677
  vg: 0.25899266808625376
name: mix_115_strict
type: strict
