components:
  coco: 0.050585806248031655
  gqa: 0.051593687286599875
  ocr_vqa: 0.10229959605818961
  text: 0.5718667474865334
  textvqa: 0.060969487652002594
  vg: 0.16268467526864283
name: mix_37_best-effort
type: best-effort
