components:
  coco: 0.05000585330279306
  gqa: 0.050002185923485744
  ocr_vqa: 0.050000500566128384
  text: 0.7499634902110198
  textvqa: 0.05000152326849309
  vg: 0.050026446728079904
name: mix_14_strict
type: strict
