components:
  coco: 0.06237929258841426
  gqa: 0.09458482387474101
  ocr_vqa: 0.4672264012240442
  text: 0.08787271157483853
  textvqa: 0.05037568210405855
  vg: 0.23756108863390352
name: mix_74_strict
type: strict
