components:
  coco: 0.19901245026763825
  gqa: 0.11322522172339118
  ocr_vqa: 0.23646005149677857
  text: 0.167546832028716
  textvqa: 0.06007542108117701
  vg: 0.22368002340229898
name: mix_62_strict
type: strict
