components:
  coco: 0.12785198967860983
  gqa: 0.055809204604906446
  ocr_vqa: 0.05262122072003648
  text: 0.6605448158539036
  textvqa: 0.050771557851915915
  vg: 0.0524012112906277
name: mix_11_strict
type: strict
