components:
  coco: 0.17725128151171116
  gqa: 0.15190868359634113
  ocr_vqa: 0.05293925317940791
  text: 0.07330475781112833
  textvqa: 0.49319225771725916
  vg: 0.051403766184152364
name: mix_13_best-effort
type: best-effort
