components:
  coco: 0.17171990453377417
  gqa: 0.11164004930109331
  ocr_vqa: 0.06032739525361776
  text: 0.14285844952523116
  textvqa: 0.24430450599775222
  vg: 0.2691496953885314
name: mix_31_strict
type: strict
