components:
  coco: 0.05387309118367319
  gqa: 0.10427257969542511
  ocr_vqa: 0.31155426125723046
  text: 0.32107603082703906
  textvqa: 0.05168252337513433
  vg: 0.15754151366149788
name: mix_15_strict
type: strict
