components:
  coco: 0.303014485217267
  gqa: 0.07423894268342916
  ocr_vqa: 0.22873676740861348
  text: 0.09303184856796226
  textvqa: 0.1289418917468017
  vg: 0.17203606437592645
name: mix_106_best-effort
type: best-effort
