components:
  coco: 0.3520684167811636
  gqa: 0.10841663025929046
  ocr_vqa: 0.05261807202574374
  text: 0.050956854530275666
  textvqa: 0.20580336545194922
  vg: 0.23013666095157737
name: mix_10_best-effort
type: best-effort
