components:
  coco: 0.6669181304694702
  gqa: 0.11752316132251839
  ocr_vqa: 0.05000501886111367
  text: 0.05894748165627153
  textvqa: 0.050605759909412316
  vg: 0.056000447781213845
name: mix_22_strict
type: strict
