components:
  coco: 0.19991214257777157
  gqa: 0.47686348819350544
  ocr_vqa: 0.05602271070998779
  text: 0.12580020161946914
  textvqa: 0.09005679112150393
  vg: 0.05134466577776218
name: mix_78_strict
type: strict
